   16.5000000       40.1512985    
   21.3999996       40.1537018    
   38.0000000       40.1768990    
   41.2000008       40.1819992    
   46.4000015       40.1864014    
   47.2000008       40.1856003    
   51.2999992       40.1955986    
   53.2000008       40.1964989    
   57.9000015       40.2079010    
   59.5999985       40.2095985    
   60.9000015       40.2079010    
   62.9000015       40.2100983    
   68.5000000       40.2187996    
   70.3000031       40.2266998    
   72.5000000       40.2285995    
   73.5999985       40.2136002    
   78.9000015       40.2304993    
   80.0999985       40.2316017    
   81.1999969       40.2364998    
   86.1999969       40.2459984    
   87.5000000       40.2458992    
   88.1999969       40.2551994    
   90.5999985       40.2451019    
   95.0999985       40.2602005    
   97.0999985       40.2636986    
   97.1999969       40.2669983    
  102.199997        40.2653008    
  102.300003        40.2747993    
  113.199997        40.2747002    
  115.400002        40.2865982    
